10
600
730
120
260
440
450
710
310
330
39
300
27 37
6 18
18 34
42 41
17 13
28 9
11 28
47 33
17 21
44 9
30 37
11 48
26 7
16 27
8 4
16 33
4 38
10 36
4 33
31 14
38 20
14 27
41 45
43 7
8 13
21 17
45 26
18 9
24 27
41 27
10 41
49 41
29 4
37 19
19 39
34 13
25 16
4 38
36 31
34 13
13 33
22 32
4 10
6 37
8 27
28 45
35 46
50 10
33 10
26 13
2 34
12 25
15 40
41 17
23 43
43 11
28 32
42 8
46 27
29 24
49 28
46 37
20 38
4 24
9 14
15 34
18 5
42 46
40 29
33 8
43 21
8 15
14 13
33 26
14 44
35 46
31 42
26 26
43 29
3 17
9 41
20 27
26 28
22 27
21 16
11 46
37 45
15 23
18 1
32 1
5 41
5 4
15 12
27 50
41 23
11 49
47 36
4 5
26 24
14 18
4 50
32 14
24 39
41 28
2 7
20 47
29 34
10 13
34 9
31 49
4 28
35 9
29 10
46 17
26 42
11 41
1 19
46 50
47 31
26 40
36 47
30 27
31 41
36 10
6 44
4 23
25 28
45 39
37 10
40 26
43 25
43 25
20 8
17 30
9 30
32 29
42 48
9 34
23 30
35 29
22 22
24 35
27 2
40 24
23 43
11 42
9 35
50 28
21 50
20 17
30 44
38 22
6 9
28 24
32 10
28 35
41 5
46 30
11 36
23 10
11 15
11 26
20 29
11 44
46 14
20 39
41 23
33 45
31 7
42 46
1 11
50 31
43 32
19 49
6 14
20 37
38 27
12 1
45 33
25 21
29 49
45 16
46 3
27 46
20 1
40 39
11 47
49 31
18 32
48 6
49 36
41 50
3 32
36 23
20 18
46 24
24 1
30 24
42 44
26 13
49 41
10 46
49 22
47 32
32 10
1 14
29 37
16 24
4 45
23 17
46 31
38 1
25 41
8 9
25 47
19 5
5 14
48 13
13 26
44 25
11 15
20 28
49 5
48 18
10 35
9 28
46 18
24 14
48 8
31 43
22 16
16 33
31 39
46 3
40 15
21 47
20 32
21 28
2 35
3 41
44 2
48 26
49 8
43 4
3 29
21 12
16 21
33 25
37 19
19 1
38 28
13 20
34 9
48 21
18 28
9 48
20 29
8 28
42 40
15 23
22 39
19 20
24 44
35 9
50 35
40 13
48 9
14 36
1 19
17 48
24 3
48 6
33 39
37 37
10 48
16 13
43 47
48 15
47 41
49 1
42 35
4 28
25 36
40 23
26 23
15 33
38 19
10 24
3 19
20 21
32 40
6 33
47 21
28 11
48 6
1 7
5 26
21 15
38 22
6 14